4294967279,29
4294967279,27
4294967279,26
4294967279,25
4294967278,530
4294967278,538
4294967279,305
33,4
36,4
4294967278,187
4294967278,0
4294967278,260
4294967279,22
4294967278,315
30,4
30,5
29,4
29,5
4294967278,314
4294967294,425
4294967278,313
4294967278,312
4294967278,183
4294967278,529
4294967279,182
4294967279,21
4294967279,20
4294967279,18
4294967279,319
4294967278,528
4294967278,178
4294967279,179
23,5
23,1
4294967279,17
4294967279,16
4294967279,15
4294967279,14
4294967279,10
4294967278,176
4294967294,424
4294967294,29
4294967279,367
4294967294,99
4294967294,76
4294967294,107
4294967294,38
4294967294,36
4294967294,42
4294967294,41
4294967294,39
4294967294,950
4294967294,82
4294967294,92
4294967294,91
4294967294,88
4294967294,86
4294967294,85
4294967294,53
4294967294,44
4294967294,393
4294967294,45
4294967294,7
4294967294,1417
4294967294,417
4294967294,970
4294967294,1414
4294967294,83
15,4
23,4
23,6
15,5
15,1
4294967278,132
4294967278,131
4294967278,130
4294967278,129
4294967278,128
4294967278,127
4294967278,126
4294967278,125
4294967278,124
4294967278,123
4294967278,122
4294967278,121
4294967278,120
4294967278,119
4294967278,118
4294967278,117
4294967278,116
4294967278,115
4294967278,114
4294967278,113
4294967278,112
4294967278,111
4294967278,110
4294967278,109
4294967278,108
4294967278,107
4294967278,106
4294967278,105
4294967278,104
4294967278,103
4294967278,102
4294967278,101
4294967278,100
4294967278,99
4294967278,98
4294967278,97
4294967278,96
4294967278,95
4294967278,94
4294967278,93
4294967278,92
4294967278,91
4294967278,90
4294967278,89
4294967278,87
4294967278,86
4294967278,85
4294967278,84
4294967278,83
4294967278,82
4294967278,81
4294967278,80
4294967278,79
4294967278,78
4294967278,77
4294967278,76
4294967278,75
4294967278,74
4294967278,73
4294967278,72
4294967278,71
4294967278,70
4294967278,69
4294967278,68
4294967278,67
4294967278,66
4294967278,65
4294967278,64
4294967278,63
4294967278,62
4294967279,87
4294967279,84
4294967279,83
4294967279,82
4294967279,80
4294967279,79
4294967279,75
4294967279,70
4294967279,68
4294967279,67
4294967279,63
4294967279,57
4294967279,56
4294967279,53
4294967279,45
4294967279,41
4294967279,36
4294967279,291
4294967279,30
4294967279,28
4294967279,24
4294967279,23
4294967279,19
4294967279,13
4294967279,12
4294967279,11
4294967279,9
4294967279,8
4294967279,7
4294967279,6
4294967279,5
4294967279,4
4294967279,167
4294967294,30
4294967294,160
4294967294,164
4294967294,1
4294967294,165
4294967294,168
4294967294,177
10,4
4294967294,175
4294967294,176
4294967294,166
4294967294,24
4294967294,1413
4294967294,120
4294967294,450
4294967294,444
19,4
4294967294,477
4294967294,81
4294967294,22
4294967294,476
4294967279,50
4294967279,298
4294967279,162
4294967294,46
4294967279,48
4294967279,296
4294967294,94
4294967294,96
39,6
4294967279,156
39,5
39,4
39,3
39,2
39,1
4294967294,8
0,7
4294967279,153
4294967294,905
4294967294,186
4294967294,904
4294967294,0
4294967294,9
4294967279,152
4294967294,90
4294967294,87
4294967294,84
4294967294,921
4294967294,951
4294967294,413
4294967294,28
4294967294,1416
4294967294,37
4294967279,294
4294967294,93
4294967294,95
4294967294,50
4294967294,40
4294967294,920
4294967294,27
4294967294,12
4294967294,68
4294967294,11
4294967294,5
0,5
18,4
15,6
4294967294,6
4294967294,17
4294967294,67
4294967294,43
4294967294,51
4294967294,52
4294967294,25
4294967294,475
4294967294,915
4294967294,26
4294967294,973
38,5
38,4
38,2
38,1
4294967278,390
4294967293,131
4294967293,130
4294967293,129
4294967293,128
4294967293,127
4294967293,126
4294967293,125
4294967293,124
4294967293,123
4294967293,122
4294967293,121
4294967293,120
4294967293,119
4294967293,118
4294967293,117
4294967293,116
4294967293,115
4294967293,114
4294967293,113
4294967293,112
4294967293,111
4294967293,110
4294967293,109
4294967293,108
4294967293,107
4294967293,106
4294967293,105
4294967293,104
4294967293,103
4294967293,102
4294967293,101
4294967293,100
4294967293,99
4294967293,98
4294967293,97
4294967293,96
4294967293,95
4294967293,94
4294967293,93
4294967293,92
4294967293,91
4294967293,90
4294967293,89
4294967293,88
4294967293,87
4294967293,86
4294967293,85
4294967293,84
4294967293,83
4294967293,82
4294967293,81
4294967293,80
4294967293,79
4294967293,78
